2018010100
2018010200
2018010300
2018010400
2018010500
2018010600
2018010700
2018010800
2018010900
2018011000
2018011100
2018011200
2018011300
2018011400
2018011500
2018011600
2018011700
2018011800
2018011900
2018012000
2018012100
2018012200
2018012300
2018012400
2018012500
2018012600
2018012700
2018012800
2018012900
2018013000
2018013100
2018020100
2018020200
2018020300
2018020400
2018020500
2018020600
2018020700
2018020800
2018020900
2018021000
2018021100
2018021200
2018021300
2018021400
2018021500
2018021600
2018021700
2018021800
2018021900
2018022000
2018022100
2018022200
2018022300
2018022400
2018022500
2018022600
2018022700
2018022800
2018030100
2018030200
2018030300
2018030400
2018030500
2018030600
2018030700
2018030800
2018030900
2018031000
2018031100
2018031200
2018031300
2018031400
2018031500
2018031600
2018031700
2018031800
2018031900
2018032000
2018032100
2018032200
2018032300
2018032400
2018032500
2018032600
2018032700
2018032800
2018032900
2018033000
2018033100
2018040100
2018040200
2018040300
2018040400
2018040500
2018040600
2018040700
2018040800
2018040900
2018041000
2018041100
2018041200
2018041300
2018041400
2018041500
2018041600
2018041700
2018041800
2018041900
2018042000
2018042100
2018042200
2018042300
2018042400
2018042500
2018042600
2018042700
2018042800
2018042900
2018043000
2018050100
2018050200
2018050300
2018050400
2018050500
2018050600
2018050700
2018050800
2018050900
2018051000
2018051100
2018051200
2018051300
2018051400
2018051500
2018051600
2018051700
2018051800
2018051900
2018052000
2018052100
2018052200
2018052300
2018052400
2018052500
2018052600
2018052700
2018052800
2018052900
2018053000
2018053100
2018060100
2018060200
2018060300
2018060400
2018060500
2018060600
2018060700
2018060800
2018060900
2018061000
2018061100
2018061200
2018061300
2018061400
2018061500
2018061600
2018061700
2018061800
2018061900
2018062000
2018062100
2018062200
2018062300
2018062400
2018062500
2018062600
2018062700
2018062800
2018062900
2018063000
2018070100
2018070200
2018070300
2018070400
2018070500
2018070600
2018070700
2018070800
2018070900
2018071000
2018071100
2018071200
2018071300
2018071400
2018071500
2018071600
2018071700
2018071800
2018071900
2018072000
2018072100
2018072200
2018072300
2018072400
2018072500
2018072600
2018072700
2018072800
2018072900
2018073000
2018073100
2018080100
2018080200
2018080300
2018080400
2018080500
2018080600
2018080700
2018080800
2018080900
2018081000
2018081100
2018081200
2018081300
2018081400
2018081500
2018081600
2018081700
2018081800
2018081900
2018082000
2018082100
2018082200
2018082300
2018082400
2018082500
2018082600
2018082700
2018082800
2018082900
2018083000
2018083100
2018090100
2018090200
2018090300
2018090400
2018090500
2018090600
2018090700
2018090800
2018090900
2018091000
2018091100
2018091200
2018091300
2018091400
2018091500
2018091600
2018091700
2018091800
2018091900
2018092000
2018092100
2018092200
2018092300
2018092400
2018092500
2018092600
2018092700
2018092800
2018092900
2018093000
2018100100
2018100200
2018100300
2018100400
2018100500
2018100600
2018100700
2018100800
2018100900
2018101000
2018101100
2018101200
2018101300
2018101400
2018101500
2018101600
2018101700
2018101800
2018101900
2018102000
2018102100
2018102200
2018102300
2018102400
2018102500
2018102600
2018102700
2018102800
2018102900
2018103000
2018103100
2018110100
2018110200
2018110300
2018110400
2018110500
2018110600
2018110700
2018110800
2018110900
2018111000
2018111100
2018111200
2018111300
2018111400
2018111500
2018111600
2018111700
2018111800
2018111900
2018112000
2018112100
2018112200
2018112300
2018112400
2018112500
2018112600
2018112700
2018112800
2018112900
2018113000
2018120100
2018120200
2018120300
2018120400
2018120500
2018120600
2018120700
2018120800
2018120900
2018121000
2018121100
2018121200
2018121300
2018121400
2018121500
2018121600
2018121700
2018121800
2018121900
2018122000
2018122100
2018122200
2018122300
2018122400
2018122500
2018122600
2018122700
2018122800
2018122900
2018123000
2018123100
