2010010100
2010010200
2010010300
2010010400
2010010500
2010010600
2010010700
2010010800
2010010900
2010011000
2010011100
2010011200
2010011300
2010011400
2010011500
2010011600
2010011700
2010011800
2010011900
2010012000
2010012100
2010012200
2010012300
2010012400
2010012500
2010012600
2010012700
2010012800
2010012900
2010013000
2010013100
2010020100
2010020200
2010020300
2010020400
2010020500
2010020600
2010020700
2010020800
2010020900
2010021000
2010021100
2010021200
2010021300
2010021400
2010021500
2010021600
2010021700
2010021800
2010021900
2010022000
2010022100
2010022200
2010022300
2010022400
2010022500
2010022600
2010022700
2010022800
2010030100
2010030200
2010030300
2010030400
2010030500
2010030600
2010030700
2010030800
2010030900
2010031000
2010031100
2010031200
2010031300
2010031400
2010031500
2010031600
2010031700
2010031800
2010031900
2010032000
2010032100
2010032200
2010032300
2010032400
2010032500
2010032600
2010032700
2010032800
2010032900
2010033000
2010033100
2010040100
2010040200
2010040300
2010040400
2010040500
2010040600
2010040700
2010040800
2010040900
2010041000
2010041100
2010041200
2010041300
2010041400
2010041500
2010041600
2010041700
2010041800
2010041900
2010042000
2010042100
2010042200
2010042300
2010042400
2010042500
2010042600
2010042700
2010042800
2010042900
2010043000
2010050100
2010050200
2010050300
2010050400
2010050500
2010050600
2010050700
2010050800
2010050900
2010051000
2010051100
2010051200
2010051300
2010051400
2010051500
2010051600
2010051700
2010051800
2010051900
2010052000
2010052100
2010052200
2010052300
2010052400
2010052500
2010052600
2010052700
2010052800
2010052900
2010053000
2010053100
2010060100
2010060200
2010060300
2010060400
2010060500
2010060600
2010060700
2010060800
2010060900
2010061000
2010061100
2010061200
2010061300
2010061400
2010061500
2010061600
2010061700
2010061800
2010061900
2010062000
2010062100
2010062200
2010062300
2010062400
2010062500
2010062600
2010062700
2010062800
2010062900
2010063000
2010070100
2010070200
2010070300
2010070400
2010070500
2010070600
2010070700
2010070800
2010070900
2010071000
2010071100
2010071200
2010071300
2010071400
2010071500
2010071600
2010071700
2010071800
2010071900
2010072000
2010072100
2010072200
2010072300
2010072400
2010072500
2010072600
2010072700
2010072800
2010072900
2010073000
2010073100
2010080100
2010080200
2010080300
2010080400
2010080500
2010080600
2010080700
2010080800
2010080900
2010081000
2010081100
2010081200
2010081300
2010081400
2010081500
2010081600
2010081700
2010081800
2010081900
2010082000
2010082100
2010082200
2010082300
2010082400
2010082500
2010082600
2010082700
2010082800
2010082900
2010083000
2010083100
2010090100
2010090200
2010090300
2010090400
2010090500
2010090600
2010090700
2010090800
2010090900
2010091000
2010091100
2010091200
2010091300
2010091400
2010091500
2010091600
2010091700
2010091800
2010091900
2010092000
2010092100
2010092200
2010092300
2010092400
2010092500
2010092600
2010092700
2010092800
2010092900
2010093000
2010100100
2010100200
2010100300
2010100400
2010100500
2010100600
2010100700
2010100800
2010100900
2010101000
2010101100
2010101200
2010101300
2010101400
2010101500
2010101600
2010101700
2010101800
2010101900
2010102000
2010102100
2010102200
2010102300
2010102400
2010102500
2010102600
2010102700
2010102800
2010102900
2010103000
2010103100
2010110100
2010110200
2010110300
2010110400
2010110500
2010110600
2010110700
2010110800
2010110900
2010111000
2010111100
2010111200
2010111300
2010111400
2010111500
2010111600
2010111700
2010111800
2010111900
2010112000
2010112100
2010112200
2010112300
2010112400
2010112500
2010112600
2010112700
2010112800
2010112900
2010113000
2010120100
2010120200
2010120300
2010120400
2010120500
2010120600
2010120700
2010120800
2010120900
2010121000
2010121100
2010121200
2010121300
2010121400
2010121500
2010121600
2010121700
2010121800
2010121900
2010122000
2010122100
2010122200
2010122300
2010122400
2010122500
2010122600
2010122700
2010122800
2010122900
2010123000
2010123100
