2011010100
2011010200
2011010300
2011010400
2011010500
2011010600
2011010700
2011010800
2011010900
2011011000
2011011100
2011011200
2011011300
2011011400
2011011500
2011011600
2011011700
2011011800
2011011900
2011012000
2011012100
2011012200
2011012300
2011012400
2011012500
2011012600
2011012700
2011012800
2011012900
2011013000
2011013100
2011020100
2011020200
2011020300
2011020400
2011020500
2011020600
2011020700
2011020800
2011020900
2011021000
2011021100
2011021200
2011021300
2011021400
2011021500
2011021600
2011021700
2011021800
2011021900
2011022000
2011022100
2011022200
2011022300
2011022400
2011022500
2011022600
2011022700
2011022800
2011030100
2011030200
2011030300
2011030400
2011030500
2011030600
2011030700
2011030800
2011030900
2011031000
2011031100
2011031200
2011031300
2011031400
2011031500
2011031600
2011031700
2011031800
2011031900
2011032000
2011032100
2011032200
2011032300
2011032400
2011032500
2011032600
2011032700
2011032800
2011032900
2011033000
2011033100
2011040100
2011040200
2011040300
2011040400
2011040500
2011040600
2011040700
2011040800
2011040900
2011041000
2011041100
2011041200
2011041300
2011041400
2011041500
2011041600
2011041700
2011041800
2011041900
2011042000
2011042100
2011042200
2011042300
2011042400
2011042500
2011042600
2011042700
2011042800
2011042900
2011043000
2011050100
2011050200
2011050300
2011050400
2011050500
2011050600
2011050700
2011050800
2011050900
2011051000
2011051100
2011051200
2011051300
2011051400
2011051500
2011051600
2011051700
2011051800
2011051900
2011052000
2011052100
2011052200
2011052300
2011052400
2011052500
2011052600
2011052700
2011052800
2011052900
2011053000
2011053100
2011060100
2011060200
2011060300
2011060400
2011060500
2011060600
2011060700
2011060800
2011060900
2011061000
2011061100
2011061200
2011061300
2011061400
2011061500
2011061600
2011061700
2011061800
2011061900
2011062000
2011062100
2011062200
2011062300
2011062400
2011062500
2011062600
2011062700
2011062800
2011062900
2011063000
2011070100
2011070200
2011070300
2011070400
2011070500
2011070600
2011070700
2011070800
2011070900
2011071000
2011071100
2011071200
2011071300
2011071400
2011071500
2011071600
2011071700
2011071800
2011071900
2011072000
2011072100
2011072200
2011072300
2011072400
2011072500
2011072600
2011072700
2011072800
2011072900
2011073000
2011073100
2011080100
2011080200
2011080300
2011080400
2011080500
2011080600
2011080700
2011080800
2011080900
2011081000
2011081100
2011081200
2011081300
2011081400
2011081500
2011081600
2011081700
2011081800
2011081900
2011082000
2011082100
2011082200
2011082300
2011082400
2011082500
2011082600
2011082700
2011082800
2011082900
2011083000
2011083100
2011090100
2011090200
2011090300
2011090400
2011090500
2011090600
2011090700
2011090800
2011090900
2011091000
2011091100
2011091200
2011091300
2011091400
2011091500
2011091600
2011091700
2011091800
2011091900
2011092000
2011092100
2011092200
2011092300
2011092400
2011092500
2011092600
2011092700
2011092800
2011092900
2011093000
2011100100
2011100200
2011100300
2011100400
2011100500
2011100600
2011100700
2011100800
2011100900
2011101000
2011101100
2011101200
2011101300
2011101400
2011101500
2011101600
2011101700
